======================================================================
SHM_OMA - MODAL ANALYSIS RESULTS
======================================================================
Date: 2026-03-05 17:02:45.962318

IDENTIFIED MODES (Total: 18)
----------------------------------------------------------------------
#     Frequency (Hz)       Damping Ratio       
----------------------------------------------------------------------
1     0.0000               -1.000000           
2     0.0000               1.000000            
3     0.0167               -1.000000           
4     0.0772               -1.000000           
5     0.1033               0.717823            
6     0.1048               0.062896            
7     0.1060               1.000000            
8     0.1217               1.000000            
9     0.1219               0.783900            
10    0.1247               0.212964            
11    0.1262               -0.451079           
12    0.1447               -0.749234           
13    0.1466               -0.984616           
14    0.1542               -0.895598           
15    0.1588               0.970569            
16    0.1590               -0.380303           
17    0.1592               -1.000000           
18    0.1592               0.590611            
